4294966898,45
4294966898,44
4294966898,43
4294966898,42
4294966898,41
4294966898,40
4294966898,39
4294966898,38
4294966898,37
4294966898,36
4294966898,35
4294966898,34
4294966898,33
4294966898,32
4294966898,31
4243767290,0
4243767289,0
4243767289,3
4243767289,2
4294967294,423
4294967294,442
4294967294,136
4294967294,444
4294967294,443
4294967294,424
4294967294,426
4294967294,453
4294967294,421
4294967294,1021
4294967294,451
4294967294,140
4243767290,3
4243767290,2
4294966898,217
4294966898,0
4294967294,5
4294966897,211
4294966897,0
4294967294,50
4294967294,470
4294967294,61
4294967294,81
4294967294,1035
4294967294,1022
4294967294,11
4294966897,132
4294966897,131
4294966897,130
4294966897,129
4294966897,128
4294966897,127
4294966897,126
4294966897,125
4294966897,124
4294966897,123
4294966897,122
4294966897,121
4294966897,120
4294966897,119
4294966897,118
4294966897,117
4294966897,116
4294966897,115
4294966897,114
4294966897,113
4294966897,112
4294966897,111
4294966897,110
4294966897,109
4294966897,108
4294966897,107
4294966897,106
4294966897,105
4294966897,104
4294966897,103
4294966897,102
4294966897,101
4294966897,100
4294966897,99
4294966897,98
4294966897,97
4294966897,96
4294966897,95
4294966897,94
4294966897,93
4294966897,92
4294966897,91
4294966897,90
4294966897,89
4294966897,87
4294966897,86
4294966897,85
4294966897,84
4294966897,83
4294966897,82
4294966897,81
4294966897,80
4294966897,79
4294966897,78
4294966897,77
4294966897,76
4294966897,75
4294966897,74
4294966897,73
4294966897,72
4294966897,71
4294966897,70
4294966897,69
4294966897,68
4294966897,67
4294966897,66
4294966897,65
4294966897,64
4294966897,63
4294966897,62
4294966897,61
4294966897,60
4294966897,59
4294966897,58
4294966897,57
4294966897,56
4294966897,55
4294966897,54
4294966897,53
4294966897,52
4294966897,51
4294966897,50
4294966897,49
4294966897,48
4294966897,47
4294966897,46
4294966897,45
4294966897,44
4294966897,43
4294966897,42
4294966897,41
4294966897,40
4294966897,39
4294966897,38
4294966897,37
4294966897,36
4294966897,35
4294966897,34
4294966897,33
4294966897,32
4294966897,31
4294966897,30
4294966897,29
4294966897,28
4294966897,27
4294966897,26
4294966897,25
4294966897,24
4294966897,23
4294966897,22
4294966897,21
4294966897,20
4294966897,19
4294966897,18
4294966897,17
4294966897,16
4294966897,15
4294966897,14
4294966897,13
4294966897,12
4294966897,11
4294966897,10
4294966897,9
4294966897,8
4294966897,5
4294966897,4
4294966898,132
4294966898,131
4294966898,130
4294966898,129
4294966898,128
4294966898,127
4294966898,126
4294966898,125
4294966898,124
4294966898,123
4294966898,122
4294966898,121
4294966898,120
4294966898,119
4294966898,118
4294966898,117
4294966898,116
4294966898,115
4294966898,114
4294966898,113
4294966898,112
4294966898,111
4294966898,110
4294966898,109
4294966898,108
4294966898,107
4294966898,106
4294966898,105
4294966898,104
4294966898,103
4294966898,102
4294966898,216
4294966897,210
4294966898,215
4294966897,209
4294966898,214
4294967294,22
4294966898,213
4294966897,208
28,6
4294966898,212
28,5
4294966897,207
28,4
4294966898,211
28,3
28,2
28,1
4294966898,210
4294966897,206
4294966898,209
4294966897,205
4294966898,208
27,5
4294966897,204
27,4
4294966898,207
27,3
27,2
27,1
4294966898,206
4294966897,203
4294967294,386
4294966898,205
4294967294,99
4294966897,202
4294966898,204
